IGOR
WAVES			ho			 xH2O			 xO2			 xH2
BEGIN
     1e-09			 1.9999423e-09			          1			 5.772965e-14
0.010000001			 0.019703856			 0.98029557			 5.7423623e-07
0.020000001			 0.038833788			 0.96116507			 1.1429538e-06
0.030000001			 0.057414514			 0.94258378			 1.7063951e-06
0.040000001			 0.07546935			 0.92452839			 2.2647923e-06
0.050000001			 0.093020308			 0.90697687			 2.8183671e-06
0.060000001			 0.11008819			 0.88990844			 3.3673324e-06
0.070000001			 0.12669267			 0.87330341			 3.9118916e-06
0.080000001			 0.14285237			 0.85714317			 4.452241e-06
0.090000001			 0.15858493			 0.84141009			 4.9885685e-06
       0.1			 0.17390704			 0.82608744			 5.5210547e-06
      0.11			 0.18883458			 0.81115937			 6.0498741e-06
      0.12			 0.20338259			 0.79661084			 6.5751939e-06
      0.13			 0.21756535			 0.78242755			 7.0971757e-06
      0.14			 0.23139646			 0.76859592			 7.6159762e-06
      0.15			 0.24488883			 0.75510304			 8.1317452e-06
      0.16			 0.25805476			  0.7419366			 8.6446291e-06
      0.17			 0.27090594			  0.7290849			 9.1547684e-06
      0.18			 0.28345354			  0.7165368			 9.6623003e-06
      0.19			 0.29570817			 0.70428166			 1.0167356e-05
       0.2			    0.30768			 0.69230933			 1.0670065e-05
      0.21			 0.31937868			 0.68061015			 1.1170551e-05
      0.22			 0.33081347			 0.66917486			 1.1668936e-05
      0.23			 0.34199319			 0.65799464			 1.2165338e-05
      0.24			 0.35292628			 0.64706106			 1.2659871e-05
      0.25			 0.36362082			 0.63636603			 1.3152647e-05
      0.26			 0.37408452			 0.62590183			 1.3643775e-05
      0.27			 0.38432479			 0.61566108			 1.4133361e-05
      0.28			 0.39434869			 0.60563668			 1.462151e-05
      0.29			 0.40416302			 0.59582187			 1.5108323e-05
       0.3			 0.41377428			 0.58621012			 1.5593899e-05
      0.31			 0.42318871			 0.57679521			 1.6078338e-05
      0.32			 0.43241229			 0.56757115			 1.6561732e-05
      0.33			 0.44145077			 0.55853219			 1.7044178e-05
      0.34			 0.45030965			 0.54967282			 1.7525767e-05
      0.35			 0.45899426			 0.54098774			 1.8006588e-05
      0.36			 0.46750966			 0.53247185			 1.8486733e-05
      0.37			 0.47586077			 0.52412027			 1.8966287e-05
      0.38			 0.48405228			 0.51592827			 1.9445339e-05
      0.39			 0.49208874			 0.50789134			 1.9923972e-05
       0.4			  0.4999745			  0.5000051			 2.0402271e-05
      0.41			 0.50771376			 0.49226536			 2.0880322e-05
      0.42			 0.51531056			 0.48466808			 2.1358204e-05
      0.43			 0.52276881			 0.47720935			 2.1836e-05
      0.44			 0.53009225			 0.46988543			 2.2313791e-05
      0.45			 0.53728452			 0.46269269			 2.2791657e-05
      0.46			  0.5443491			 0.45562763			 2.3269678e-05
      0.47			 0.55128935			  0.4486869			 2.3747933e-05
      0.48			 0.55810855			 0.44186723			 2.42265e-05
      0.49			 0.56480982			 0.43516548			 2.4705458e-05
       0.5			 0.57139619			 0.42857862			 2.5184886e-05
      0.51			  0.5778706			 0.42210373			 2.566486e-05
      0.52			 0.58423588			 0.41573797			 2.6145459e-05
      0.53			 0.59049476			 0.40947861			 2.6626761e-05
      0.54			 0.59664989			   0.403323			 2.7108842e-05
      0.55			 0.60270382			 0.39726859			 2.759178e-05
      0.56			 0.60865903			 0.39131289			 2.8075655e-05
      0.57			 0.61451792			 0.38545352			 2.8560541e-05
      0.58			  0.6202828			 0.37968815			 2.904652e-05
      0.59			 0.62595592			 0.37401455			 2.9533668e-05
       0.6			 0.63153945			 0.36843053			 3.0022066e-05
      0.61			 0.63703549			   0.362934			 3.051179e-05
      0.62			 0.64244608			 0.35752291			 3.1002923e-05
      0.63			 0.64777321			 0.35219529			 3.1495544e-05
      0.64			 0.65301879			 0.34694922			 3.1989733e-05
      0.65			 0.65818467			 0.34178284			 3.2485573e-05
      0.66			 0.66327266			 0.33669436			 3.2983145e-05
      0.67			 0.66828451			 0.33168201			 3.3482535e-05
      0.68			  0.6732219			 0.32674411			 3.3983824e-05
      0.69			  0.6780865			 0.32187901			 3.4487099e-05
       0.7			 0.68287989			 0.31708512			 3.4992445e-05
      0.71			 0.68760363			 0.31236087			 3.549995e-05
      0.72			 0.69225922			 0.30770477			 3.6009702e-05
      0.73			 0.69684813			 0.30311535			 3.652179e-05
      0.74			 0.70137178			 0.29859119			 3.7036307e-05
      0.75			 0.70583155			  0.2941309			 3.7553346e-05
      0.76			 0.71022878			 0.28973315			 3.8072997e-05
      0.77			 0.71456478			 0.28539662			 3.8595359e-05
      0.78			 0.71884083			 0.28112005			 3.9120529e-05
      0.79			 0.72305814			 0.27690221			 3.9648605e-05
       0.8			 0.72721794			 0.27274188			 4.0179688e-05
      0.81			 0.73132137			 0.26863791			 4.0713882e-05
      0.82			 0.73536959			 0.26458916			 4.125129e-05
      0.83			 0.73936369			 0.26059452			 4.1792021e-05
      0.84			 0.74330476			  0.2566529			 4.2336185e-05
      0.85			 0.74719384			 0.25276327			 4.2883892e-05
      0.86			 0.75103196			 0.24892461			 4.3435257e-05
      0.87			  0.7548201			 0.24513591			 4.3990398e-05
      0.88			 0.75855924			 0.24139621			 4.4549433e-05
      0.89			 0.76225033			 0.23770456			 4.5112485e-05
       0.9			 0.76589427			 0.23406005			 4.5679682e-05
      0.91			 0.76949198			 0.23046177			 4.6251151e-05
      0.92			 0.77304432			 0.22690886			 4.6827025e-05
      0.93			 0.77655214			 0.22340045			 4.7407439e-05
      0.94			 0.78001628			 0.21993573			 4.7992532e-05
      0.95			 0.78343754			 0.21651388			 4.8582449e-05
      0.96			 0.78681672			  0.2131341			 4.9177337e-05
      0.97			 0.79015459			 0.20979563			 4.9777346e-05
      0.98			  0.7934519			 0.20649772			 5.0382633e-05
      0.99			 0.79670938			 0.20323963			 5.099336e-05
         1			 0.79992775			 0.20002064			 5.1609689e-05
      1.01			 0.80310771			 0.19684006			 5.2231795e-05
      1.02			 0.80624994			  0.1936972			 5.285985e-05
      1.03			 0.80935511			 0.19059139			 5.3494037e-05
      1.04			 0.81242387			 0.18752199			 5.4134542e-05
      1.05			 0.81545686			 0.18448836			 5.4781561e-05
      1.06			  0.8184547			 0.18148987			 5.5435293e-05
      1.07			 0.82141798			 0.17852592			 5.6095944e-05
      1.08			 0.82434732			 0.17559592			 5.676373e-05
      1.09			 0.82724328			 0.17269928			 5.7438869e-05
       1.1			 0.83010643			 0.16983545			 5.8121593e-05
      1.11			 0.83293733			 0.16700386			 5.8812138e-05
      1.12			 0.83573651			 0.16420397			 5.9510753e-05
      1.13			 0.83850452			 0.16143527			 6.021769e-05
      1.14			 0.84124185			 0.15869722			 6.0933217e-05
      1.15			 0.84394902			 0.15598932			 6.1657607e-05
      1.16			 0.84662652			 0.15331109			 6.239115e-05
      1.17			 0.84927485			 0.15066202			 6.3134139e-05
      1.18			 0.85189446			 0.14804166			 6.3886886e-05
      1.19			 0.85448582			 0.14544953			 6.4649713e-05
       1.2			  0.8570494			 0.14288518			 6.5422954e-05
      1.21			 0.85958562			 0.14034817			 6.620696e-05
      1.22			 0.86209493			 0.13783807			 6.7002096e-05
      1.23			 0.86457774			 0.13535445			 6.780874e-05
      1.24			 0.86703449			 0.13289689			 6.8627292e-05
      1.25			 0.86946556			 0.13046498			 6.9458165e-05
      1.26			 0.87187137			 0.12805833			 7.0301791e-05
      1.27			 0.87425229			 0.12567655			 7.1158627e-05
      1.28			 0.87660873			 0.12331925			 7.2029145e-05
      1.29			 0.87894104			 0.12098605			 7.2913842e-05
       1.3			 0.88124959			  0.1186766			 7.3813243e-05
      1.31			 0.88353475			 0.11639052			 7.4727891e-05
      1.32			 0.88579687			 0.11412747			 7.5658363e-05
      1.33			 0.88803629			 0.11188711			 7.660526e-05
      1.34			 0.89025335			 0.10966908			 7.7569217e-05
      1.35			 0.89244838			 0.10747307			 7.8550901e-05
      1.36			  0.8946217			 0.10529875			 7.9551015e-05
      1.37			 0.89677364			 0.10314579			 8.0570301e-05
      1.38			 0.89890451			 0.10101388			 8.1609539e-05
      1.39			  0.9010146			 0.098902726			 8.2669554e-05
       1.4			 0.90310423			 0.096812016			 8.375122e-05
      1.41			 0.90517369			 0.094741459			 8.4855457e-05
      1.42			 0.90722325			 0.092690765			 8.5983245e-05
      1.43			 0.90925321			 0.090659651			 8.7135618e-05
      1.44			 0.91126385			 0.088647839			 8.8313675e-05
      1.45			 0.91325543			 0.086655056			 8.9518585e-05
      1.46			 0.91522821			 0.084681033			 9.0751585e-05
      1.47			 0.91718248			 0.08272551			 9.2014001e-05
      1.48			 0.91911846			 0.080788228			 9.330724e-05
      1.49			 0.92103643			 0.078868934			 9.4632805e-05
       1.5			 0.92293663			 0.076967381			 9.5992306e-05
      1.51			 0.92481929			 0.075083324			 9.7387458e-05
      1.52			 0.92668465			 0.073216526			 9.8820103e-05
      1.53			 0.92853296			 0.071366752			 0.00010029222
      1.54			 0.93036442			 0.069533771			 0.00010180594
      1.55			 0.93217928			 0.067717357			 0.00010336353
      1.56			 0.93397774			 0.06591729			 0.00010496747
      1.57			 0.93576003			 0.064133351			 0.00010662043
      1.58			 0.93752635			 0.062365327			 0.00010832527
      1.59			 0.93927691			 0.060613009			 0.00011008512
       1.6			 0.94101191			 0.05887619			 0.00011190337
      1.61			 0.94273155			 0.057154668			 0.00011378371
      1.62			 0.94443602			 0.055448246			 0.00011573015
      1.63			 0.94612553			 0.053756728			 0.00011774711
      1.64			 0.94780024			 0.052079924			 0.00011983938
      1.65			 0.94946034			 0.050417646			 0.00012201225
      1.66			 0.95110602			 0.048769711			 0.00012427156
      1.67			 0.95273744			 0.047135938			 0.00012662372
      1.68			 0.95435477			 0.04551615			 0.00012907585
      1.69			 0.95595819			 0.043910174			 0.00013163586
       1.7			 0.95754785			 0.04231784			 0.00013431256
      1.71			  0.9591239			 0.040738981			 0.00013711581
      1.72			 0.96068651			 0.039173435			 0.00014005666
      1.73			 0.96223581			 0.037621042			 0.00014314758
      1.74			 0.96377195			 0.036081645			 0.00014640268
      1.75			 0.96529507			 0.034555094			 0.00014983799
      1.76			 0.96680529			 0.033041239			 0.00015347186
      1.77			 0.96830274			 0.031539936			 0.00015732533
      1.78			 0.96978753			 0.030051044			 0.00016142274
      1.79			 0.97125978			 0.028574428			 0.00016579236
       1.8			 0.97271958			 0.027109957			 0.00017046732
      1.81			 0.97416701			 0.025657505			 0.00017548666
      1.82			 0.97560215			 0.024216952			 0.00018089681
      1.83			 0.97702506			 0.022788186			 0.00018675348
      1.84			 0.97843577			 0.021371103			 0.00019312422
      1.85			  0.9798343			 0.019965608			 0.00020009179
      1.86			 0.98122062			 0.018571618			 0.00020775893
      1.87			 0.98259468			 0.017189066			 0.000216255
      1.88			 0.98395635			 0.015817906			 0.00022574557
      1.89			 0.98530544			 0.014458118			 0.0002364465
       1.9			 0.98664163			 0.013109721			 0.0002486455
      1.91			 0.98796448			 0.011772788			 0.00026273599
      1.92			 0.98927325			 0.010447475			 0.0002792727
      1.93			 0.99056686			 0.0091340694			 0.00029906772
      1.94			 0.99184356			 0.0078330768			 0.00032336639
      1.95			 0.99310041			 0.0065453964			 0.00035419553
      1.96			 0.99433218			 0.0052727009			 0.00039512346
      1.97			 0.99552846			 0.004018385			 0.00045315398
      1.98			 0.99666517			 0.0027904151			 0.00054441837
      1.99			 0.99767046			 0.0016126822			 0.00071685383
         2			 0.99822418			 0.00059193934			 0.0011838792
      2.01			 0.99492769			 3.2447567e-05			 0.0050398586
      2.02			  0.9900742			 8.2978681e-06			 0.0099175042
      2.03			 0.98521064			 3.6966844e-06			 0.014785664
      2.04			 0.98038596			 2.0805959e-06			 0.019611964
      2.05			 0.97560579			 1.3318596e-06			 0.024392876
      2.06			 0.97087104			 9.2498793e-07			 0.029128037
      2.07			 0.96618156			 6.7961528e-07			 0.033817762
      2.08			 0.96153692			 5.2034526e-07			 0.03846256
      2.09			 0.95693658			 4.1114279e-07			 0.043063006
       2.1			 0.95237997			 3.3303e-07			 0.047619698
      2.11			 0.94786649			 2.7523371e-07			 0.052133238
      2.12			 0.94339555			 2.3127329e-07			 0.056604223
      2.13			 0.93896656			 1.9706142e-07			 0.061033246
      2.14			 0.93457894			 1.6991653e-07			 0.06542089
      2.15			 0.93023212			 1.480158e-07			 0.069767728
      2.16			 0.92592554			 1.3009225e-07			 0.074074325
      2.17			 0.92165865			 1.1523758e-07			 0.078341236
      2.18			 0.91743089			 1.0278874e-07			 0.082569005
      2.19			 0.91324174			 9.2254317e-08			 0.086758168
       2.2			 0.90909067			 8.3259272e-08			 0.09090925
      2.21			 0.90497716			 7.5519331e-08			 0.095022769
      2.22			  0.9009007			 6.8809415e-08			 0.09909923
      2.23			  0.8968608			 6.295579e-08			 0.10313913
      2.24			 0.89285698			 5.7818686e-08			 0.10714297
      2.25			 0.88888873			 5.3286685e-08			 0.11111121
      2.26			 0.88495561			 4.926644e-08			 0.11504434
      2.27			 0.88105714			 4.5683877e-08			 0.11894282
      2.28			 0.87719286			 4.2478985e-08			  0.1228071
      2.29			 0.87336233			 3.9600748e-08			 0.12663763
       2.3			 0.86956511			 3.7003779e-08			 0.13043485
      2.31			 0.86580077			 3.4656078e-08			  0.1341992
      2.32			 0.86206887			 3.2523059e-08			  0.1379311
      2.33			 0.85836901			 3.0581661e-08			 0.14163096
      2.34			 0.85470077			 2.8809216e-08			  0.1452992
      2.35			 0.85106375			 2.7186537e-08			 0.14893622
      2.36			 0.84745755			 2.5697849e-08			 0.15254242
      2.37			 0.84388179			 2.432764e-08			 0.15611819
      2.38			 0.84033607			 2.3063715e-08			 0.15966391
      2.39			 0.83682002			 2.1895609e-08			 0.16317996
       2.4			 0.83333327			 2.0814544e-08			 0.16666671
      2.41			 0.82987546			 1.9811889e-08			 0.17012452
      2.42			 0.82644623			 1.8879155e-08			 0.17355375
      2.43			 0.82304522			 1.8012486e-08			 0.17695477
      2.44			 0.81967208			 1.7202123e-08			  0.1803279
      2.45			 0.81632648			 1.6445891e-08			  0.1836735
      2.46			 0.81300809			 1.5738695e-08			  0.1869919
      2.47			 0.80971656			 1.5076992e-08			 0.19028343
      2.48			 0.80645157			 1.4454364e-08			 0.19354841
      2.49			 0.80321281			 1.3870342e-08			 0.19678717
       2.5			 0.79999996			 1.3321551e-08			 0.20000002
      2.51			 0.79681271			 1.2804671e-08			 0.20318727
      2.52			 0.79365076			 1.2316435e-08			 0.20634923
      2.53			  0.7905138			 1.1856504e-08			 0.20948619
      2.54			 0.78740154			 1.1421678e-08			 0.21259845
      2.55			 0.78431369			 1.1010236e-08			 0.21568629
      2.56			 0.78124997			 1.0620482e-08			 0.21875002
      2.57			 0.77821009			 1.0250748e-08			  0.2217899
      2.58			 0.77519377			 9.9008015e-09			 0.22480622
      2.59			 0.77220075			 9.5676032e-09			 0.22779925
       2.6			 0.76923074			 9.2509603e-09			 0.23076925
      2.61			  0.7662835			 8.9506823e-09			 0.23371649
      2.62			 0.76335875			 8.6638048e-09			 0.23664124
      2.63			 0.76045625			 8.3915583e-09			 0.23954374
      2.64			 0.75757573			 8.1310204e-09			 0.24242426
      2.65			 0.75471696			 7.8820585e-09			 0.24528303
      2.66			 0.75187968			 7.6459099e-09			 0.24812031
      2.67			 0.74906365			 7.4183429e-09			 0.25093634
      2.68			 0.74626864			 7.2019763e-09			 0.25373136
      2.69			  0.7434944			 6.9953328e-09			 0.25650559
       2.7			 0.74074072			 6.796957e-09			 0.25925927
      2.71			 0.73800736			 6.6067574e-09			 0.26199263
      2.72			  0.7352941			 6.4246438e-09			 0.26470589
      2.73			 0.73260072			 6.2491947e-09			 0.26739928
      2.74			 0.72992699			 6.0816649e-09			   0.270073
      2.75			 0.72727271			 5.9206451e-09			 0.27272728
      2.76			 0.72463767			 5.7660646e-09			 0.27536233
      2.77			 0.72202165			 5.6165402e-09			 0.27797835
      2.78			 0.71942445			 5.4746346e-09			 0.28057555
      2.79			 0.71684586			 5.3363542e-09			 0.28315413
       2.8			  0.7142857			 5.2042586e-09			 0.28571429
      2.81			 0.71174376			 5.0756925e-09			 0.28825624
      2.82			 0.70921984			 4.9531984e-09			 0.29078015
      2.83			 0.70671377			 4.8341411e-09			 0.29328623
      2.84			 0.70422534			 4.7197651e-09			 0.29577466
      2.85			 0.70175437			 4.6100212e-09			 0.29824562
      2.86			 0.69930069			 4.5035888e-09			 0.30069931
      2.87			  0.6968641			 4.4004332e-09			  0.3031359
      2.88			 0.69444443			 4.3005204e-09			 0.30555556
      2.89			 0.69204151			 4.2050755e-09			 0.30795848
       2.9			 0.68965516			 4.1115433e-09			 0.31034483
      2.91			 0.68728521			 4.0211542e-09			 0.31271478
      2.92			  0.6849315			 3.9351219e-09			  0.3150685
      2.93			 0.68259385			 3.8509185e-09			 0.31740615
      2.94			  0.6802721			 3.7685253e-09			  0.3197279
      2.95			 0.67796609			 3.6903904e-09			  0.3220339
      2.96			 0.67567567			 3.6140124e-09			 0.32432433
      2.97			 0.67340066			 3.5393736e-09			 0.32659933
      2.98			 0.67114093			 3.4676774e-09			 0.32885907
      2.99			 0.66889631			 3.3976775e-09			 0.33110368
         3			 0.66666666			 3.3305696e-09			 0.33333334
      3.01			 0.66445182			 3.2651162e-09			 0.33554818
      3.02			 0.66225165			 3.2013009e-09			 0.33774835
      3.03			   0.660066			 3.1391074e-09			   0.339934
      3.04			 0.65789473			 3.0797166e-09			 0.34210527
      3.05			  0.6557377			 3.0207152e-09			  0.3442623
      3.06			 0.65359476			 2.9644772e-09			 0.34640523
      3.07			 0.65146579			 2.9086055e-09			 0.34853421
      3.08			 0.64935064			 2.855459e-09			 0.35064936
      3.09			 0.64724918			 2.8026565e-09			 0.35275081
       3.1			 0.64516128			 2.7525417e-09			 0.35483871
      3.11			 0.64308681			 2.7027492e-09			 0.35691319
      3.12			 0.64102563			 2.6544419e-09			 0.35897436
      3.13			 0.63897763			 2.6087679e-09			 0.36102237
      3.14			 0.63694267			 2.5622261e-09			 0.36305733
      3.15			 0.63492063			 2.5182898e-09			 0.36507937
      3.16			 0.63291139			 2.4746315e-09			 0.36708861
      3.17			 0.63091482			 2.4323962e-09			 0.36908518
      3.18			 0.62893081			 2.3915707e-09			 0.37106919
      3.19			 0.62695924			 2.3521415e-09			 0.37304076
       3.2			 0.62499999			 2.3129587e-09			      0.375
      3.21			 0.62305295			 2.2751534e-09			 0.37694704
      3.22			 0.62111801			 2.2375829e-09			 0.37888199
      3.23			 0.61919504			 2.2013714e-09			 0.38080496
      3.24			 0.61728394			 2.1665062e-09			 0.38271605
      3.25			 0.61538461			 2.1318556e-09			 0.38461539
      3.26			 0.61349693			 2.0974175e-09			 0.38650307
      3.27			 0.61162079			 2.0643026e-09			 0.38837921
      3.28			 0.60975609			 2.0324988e-09			 0.39024391
      3.29			 0.60790273			 2.0008883e-09			 0.39209727
       3.3			  0.6060606			 1.9705718e-09			  0.3939394
      3.31			  0.6042296			 1.9404385e-09			  0.3957704
      3.32			 0.60240963			 1.9115825e-09			 0.39759036
      3.33			  0.6006006			 1.8828998e-09			  0.3993994
      3.34			 0.59880239			 1.8543889e-09			 0.40119761
      3.35			 0.59701492			 1.8271341e-09			 0.40298508
      3.36			 0.59523809			 1.8011243e-09			 0.40476191
      3.37			 0.59347181			 1.7741894e-09			 0.40652819
      3.38			 0.59171597			 1.7484901e-09			 0.40828403
      3.39			  0.5899705			 1.7240156e-09			  0.4100295
       3.4			 0.58823529			 1.6996851e-09			 0.41176471
      3.41			 0.58651026			 1.6754973e-09			 0.41348974
      3.42			 0.58479532			 1.6514509e-09			 0.41520468
      3.43			 0.58309037			 1.6286054e-09			 0.41690962
      3.44			 0.58139534			 1.6058927e-09			 0.41860465
      3.45			 0.57971014			 1.5843661e-09			 0.42028986
      3.46			 0.57803468			 1.5619126e-09			 0.42196532
      3.47			 0.57636887			 1.5416853e-09			 0.42363113
      3.48			 0.57471264			 1.5205288e-09			 0.42528736
      3.49			  0.5730659			 1.500536e-09			  0.4269341
       3.5			 0.57142857			 1.4806574e-09			 0.42857143
      3.51			 0.56980057			 1.4608921e-09			 0.43019943
      3.52			 0.56818181			 1.441239e-09			 0.43181818
      3.53			 0.56657223			 1.422728e-09			 0.43342776
      3.54			 0.56497175			 1.4043215e-09			 0.43502825
      3.55			 0.56338028			 1.3860187e-09			 0.43661972
      3.56			 0.56179775			 1.3688406e-09			 0.43820225
      3.57			 0.56022409			 1.3507397e-09			 0.43977591
      3.58			 0.55865921			 1.3337562e-09			 0.44134078
      3.59			 0.55710306			 1.3168673e-09			 0.44289694
       3.6			 0.55555555			 1.3010827e-09			 0.44444445
      3.61			 0.55401662			 1.2843778e-09			 0.44598338
      3.62			 0.55248618			 1.2687702e-09			 0.44751381
      3.63			 0.55096418			 1.2532486e-09			 0.44903581
      3.64			 0.54945055			 1.2378123e-09			 0.45054945
      3.65			  0.5479452			 1.2234573e-09			  0.4520548
      3.66			 0.54644808			 1.2081867e-09			 0.45355191
      3.67			 0.54495912			 1.1939906e-09			 0.45504087
      3.68			 0.54347826			 1.1798717e-09			 0.45652174
      3.69			 0.54200542			 1.1658293e-09			 0.45799458
       3.7			 0.54054054			 1.152846e-09			 0.45945946
      3.71			 0.53908355			 1.1389521e-09			 0.46091644
      3.72			 0.53763441			 1.1261109e-09			 0.46236559
      3.73			 0.53619303			 1.1123632e-09			 0.46380697
      3.74			 0.53475936			 1.0996618e-09			 0.46524064
      3.75			 0.53333333			 1.0870281e-09			 0.46666667
      3.76			 0.53191489			 1.0754291e-09			 0.46808511
      3.77			 0.53050398			 1.0629267e-09			 0.46949602
      3.78			 0.52910053			 1.0514529e-09			 0.47089947
      3.79			 0.52770448			 1.0390797e-09			 0.47229552
       3.8			 0.52631579			 1.027729e-09			 0.47368421
      3.81			 0.52493438			 1.0164379e-09			 0.47506562
      3.82			 0.52356021			 1.0052059e-09			 0.47643979
      3.83			 0.52219321			 9.9403259e-10			 0.47780679
      3.84			 0.52083333			 9.8386484e-10			 0.47916667
      3.85			 0.51948052			 9.7280498e-10			 0.48051948
      3.86			 0.51813471			 9.6274491e-10			 0.48186529
      3.87			 0.51679586			 9.5273683e-10			 0.48320414
      3.88			 0.51546392			 9.4184271e-10			 0.48453608
      3.89			 0.51413882			 9.3193981e-10			 0.48586118
       3.9			 0.51282051			 9.220877e-10			 0.48717949
      3.91			 0.51150895			 9.1321642e-10			 0.48849105
      3.92			 0.51020408			 9.0346234e-10			 0.48979592
      3.93			 0.50890585			 8.937579e-10			 0.49109415
      3.94			 0.50761421			 8.8502606e-10			 0.49238579
      3.95			 0.50632911			 8.7541743e-10			 0.49367089
      3.96			  0.5050505			 8.6677601e-10			  0.4949495
      3.97			 0.50377834			 8.5817812e-10			 0.49622166
      3.98			 0.50251256			 8.4962344e-10			 0.49748744
      3.99			 0.50125313			 8.4111164e-10			 0.49874687
         4			        0.5			 8.326424e-10			        0.5
      4.01			 0.49875312			 8.242154e-10			 0.50124688
      4.02			 0.49751244			 8.1583032e-10			 0.50248756
      4.03			 0.49627791			 8.0838958e-10			 0.50372209
      4.04			  0.4950495			 8.0008519e-10			  0.5049505
      4.05			 0.49382716			 7.9272007e-10			 0.50617284
      4.06			 0.49261084			 7.8449518e-10			 0.50738916
      4.07			 0.49140049			 7.7720456e-10			 0.50859951
      4.08			 0.49019608			 7.6994968e-10			 0.50980392
      4.09			 0.48899755			 7.6273027e-10			 0.51100245
       4.1			 0.48780488			 7.5554609e-10			 0.51219512
      4.11			   0.486618			 7.4839686e-10			   0.513382
      4.12			 0.48543689			 7.4128233e-10			 0.51456311
      4.13			  0.4842615			 7.3420226e-10			  0.5157385
      4.14			 0.48309179			 7.2715639e-10			 0.51690821
      4.15			 0.48192771			 7.2014448e-10			 0.51807229
      4.16			 0.48076923			 7.1404079e-10			 0.51923077
      4.17			 0.47961631			 7.0709396e-10			 0.52038369
      4.18			  0.4784689			 7.010507e-10			  0.5215311
      4.19			 0.47732697			 6.9416803e-10			 0.52267303
       4.2			 0.47619047			 6.8818432e-10			 0.52380952
      4.21			 0.47505938			 6.8222904e-10			 0.52494062
      4.22			 0.47393365			 6.754399e-10			 0.52606635
      4.23			 0.47281324			 6.6954291e-10			 0.52718676
      4.24			 0.47169811			 6.6367373e-10			 0.52830189
      4.25			 0.47058823			 6.5783217e-10			 0.52941177
      4.26			 0.46948357			 6.5201803e-10			 0.53051643
      4.27			 0.46838407			 6.4623113e-10			 0.53161593
      4.28			 0.46728972			 6.4047127e-10			 0.53271028
      4.29			 0.46620046			 6.3473826e-10			 0.53379953
       4.3			 0.46511628			 6.2987796e-10			 0.53488372
      4.31			 0.46403712			 6.2419613e-10			 0.53596288
      4.32			 0.46296296			 6.1854061e-10			 0.53703704
      4.33			 0.46189376			 6.1375139e-10			 0.53810624
      4.34			 0.46082949			 6.08146e-10			 0.53917051
      4.35			 0.45977011			 6.0340269e-10			 0.54022989
      4.36			 0.45871559			 5.9784675e-10			  0.5412844
      4.37			  0.4576659			 5.9314872e-10			  0.5423341
      4.38			   0.456621			 5.8764155e-10			   0.543379
      4.39			 0.45558086			 5.8298818e-10			 0.54441914
       4.4			 0.45454545			 5.7835595e-10			 0.54545455
      4.41			 0.45351474			 5.7374473e-10			 0.54648526
      4.42			 0.45248869			 5.683313e-10			 0.54751131
      4.43			 0.45146727			 5.6376353e-10			 0.54853273
      4.44			 0.45045045			 5.5921634e-10			 0.54954955
      4.45			  0.4494382			 5.5468958e-10			  0.5505618
      4.46			 0.44843049			 5.5018312e-10			 0.55156951
      4.47			 0.44742729			 5.4569682e-10			 0.55257271
      4.48			 0.44642857			 5.4123055e-10			 0.55357143
      4.49			  0.4454343			 5.3678418e-10			  0.5545657
       4.5			 0.44444444			 5.33166e-10			 0.55555556
      4.51			 0.44345898			 5.2875723e-10			 0.55654102
      4.52			 0.44247787			 5.2436796e-10			 0.55752212
      4.53			  0.4415011			 5.1999807e-10			  0.5584989
      4.54			 0.44052863			 5.1644875e-10			 0.55947137
      4.55			 0.43956044			 5.1211548e-10			 0.56043956
      4.56			 0.43859649			 5.0780121e-10			 0.56140351
      4.57			 0.43763676			 5.0430188e-10			 0.56236324
      4.58			 0.43668122			 5.0002351e-10			 0.56331878
      4.59			 0.43572985			 4.9655637e-10			 0.56427015
       4.6			 0.43478261			 4.9231344e-10			 0.56521739
      4.61			 0.43383948			 4.8887806e-10			 0.56616052
      4.62			 0.43290043			 4.8545756e-10			 0.56709957
      4.63			 0.43196544			 4.8126609e-10			 0.56803456
      4.64			 0.43103448			 4.7787674e-10			 0.56896552
      4.65			 0.43010753			 4.7450197e-10			 0.56989247
      4.66			 0.42918455			 4.7036099e-10			 0.57081545
      4.67			 0.42826552			 4.6701677e-10			 0.57173448
      4.68			 0.42735043			 4.6368683e-10			 0.57264957
      4.69			 0.42643923			 4.6037109e-10			 0.57356077
       4.7			 0.42553191			 4.5706946e-10			 0.57446809
      4.71			 0.42462845			 4.5378186e-10			 0.57537155
      4.72			 0.42372881			 4.5050818e-10			 0.57627119
      4.73			 0.42283298			 4.4647922e-10			 0.57716702
      4.74			 0.42194093			 4.4323476e-10			 0.57805907
      4.75			 0.42105263			 4.4000396e-10			 0.57894737
      4.76			 0.42016807			 4.3755102e-10			 0.57983193
      4.77			 0.41928721			 4.3434569e-10			 0.58071279
      4.78			 0.41841004			 4.3115376e-10			 0.58158996
      4.79			 0.41753653			 4.2797517e-10			 0.58246347
       4.8			 0.41666667			 4.2480982e-10			 0.58333333
      4.81			 0.41580041			 4.2165763e-10			 0.58419958
      4.82			 0.41493776			 4.1851852e-10			 0.58506224
      4.83			 0.41407867			 4.1614561e-10			 0.58592133
      4.84			 0.41322314			 4.1303086e-10			 0.58677686
      4.85			 0.41237113			 4.0992895e-10			 0.58762887
      4.86			 0.41152263			 4.0683981e-10			 0.58847737
      4.87			 0.41067762			 4.0451037e-10			 0.58932238
      4.88			 0.40983606			 4.01445e-10			 0.59016394
      4.89			 0.40899795			 3.9839216e-10			 0.59100205
       4.9			 0.40816326			 3.9609422e-10			 0.59183674
      4.91			 0.40733197			 3.9306472e-10			 0.59266803
      4.92			 0.40650406			 3.9078695e-10			 0.59349594
      4.93			 0.40567951			 3.877805e-10			 0.59432049
      4.94			  0.4048583			 3.8552265e-10			  0.5951417
      4.95			  0.4040404			 3.8253898e-10			  0.5959596
      4.96			 0.40322581			 3.8030081e-10			 0.59677419
      4.97			 0.40241449			 3.7733965e-10			 0.59758551
      4.98			 0.40160642			 3.7512091e-10			 0.59839357
      4.99			  0.4008016			 3.72182e-10			  0.5991984
         5			        0.4			 3.6998244e-10			        0.6
      5.01			  0.3992016			 3.6779167e-10			  0.6007984
      5.02			 0.39840637			 3.6488493e-10			 0.60159363
      5.03			 0.39761431			 3.62713e-10			 0.60238569
      5.04			  0.3968254			 3.6054969e-10			  0.6031746
      5.05			  0.3960396			 3.5767455e-10			  0.6039604
      5.06			 0.39525692			 3.5552975e-10			 0.60474308
      5.07			 0.39447732			 3.533934e-10			 0.60552268
      5.08			 0.39370079			 3.5126547e-10			 0.60629921
      5.09			 0.39292731			 3.491459e-10			 0.60707269
       5.1			 0.39215686			 3.4632132e-10			 0.60784314
      5.11			 0.39138943			 3.4421972e-10			 0.60861057
      5.12			   0.390625			 3.4212633e-10			   0.609375
      5.13			 0.38986355			 3.400411e-10			 0.61013645
      5.14			 0.38910506			 3.3796398e-10			 0.61089494
      5.15			 0.38834951			 3.3589494e-10			 0.61165049
      5.16			  0.3875969			 3.3383391e-10			  0.6124031
      5.17			 0.38684719			 3.3107718e-10			 0.61315281
      5.18			 0.38610039			 3.2903341e-10			 0.61389961
      5.19			 0.38535645			 3.2699752e-10			 0.61464355
       5.2			 0.38461538			 3.2496945e-10			 0.61538462
      5.21			 0.38387716			 3.2294917e-10			 0.61612284
      5.22			 0.38314176			 3.2093664e-10			 0.61685824
      5.23			 0.38240918			 3.1893179e-10			 0.61759082
      5.24			 0.38167939			 3.169346e-10			 0.61832061
      5.25			 0.38095238			 3.1563797e-10			 0.61904762
      5.26			 0.38022814			 3.1365464e-10			 0.61977186
      5.27			 0.37950664			 3.1167883e-10			 0.62049336
      5.28			 0.37878788			 3.0971051e-10			 0.62121212
      5.29			 0.37807183			 3.0774962e-10			 0.62192817
       5.3			 0.37735849			 3.0579614e-10			 0.62264151
      5.31			 0.37664783			 3.0385002e-10			 0.62335217
      5.32			 0.37593985			 3.0191121e-10			 0.62406015
      5.33			 0.37523452			 3.0066223e-10			 0.62476548
      5.34			 0.37453183			 2.9873665e-10			 0.62546817
      5.35			 0.37383177			 2.9681827e-10			 0.62616822
      5.36			 0.37313433			 2.9490705e-10			 0.62686567
      5.37			 0.37243948			 2.9300295e-10			 0.62756052
      5.38			 0.37174721			 2.9178213e-10			 0.62825279
      5.39			 0.37105751			 2.8989089e-10			 0.62894249
       5.4			 0.37037037			 2.8800666e-10			 0.62962963
      5.41			 0.36968577			 2.8612939e-10			 0.63031423
      5.42			 0.36900369			 2.8493026e-10			 0.63099631
      5.43			 0.36832412			 2.8306557e-10			 0.63167588
      5.44			 0.36764706			 2.8120774e-10			 0.63235294
      5.45			 0.36697248			 2.8002424e-10			 0.63302752
      5.46			 0.36630037			 2.7817878e-10			 0.63369963
      5.47			 0.36563071			 2.7634007e-10			 0.63436929
      5.48			  0.3649635			 2.7517194e-10			  0.6350365
      5.49			 0.36429872			 2.733454e-10			 0.63570128
       5.5			 0.36363636			 2.7218696e-10			 0.63636364
      5.51			 0.36297641			 2.7037247e-10			 0.63702359
      5.52			 0.36231884			 2.6856456e-10			 0.63768116
      5.53			 0.36166365			 2.6742105e-10			 0.63833635
      5.54			 0.36101083			 2.6562499e-10			 0.63898917
      5.55			 0.36036036			 2.6449089e-10			 0.63963964
      5.56			 0.35971223			 2.6270656e-10			 0.64028777
      5.57			 0.35906643			 2.6158178e-10			 0.64093357
      5.58			 0.35842294			 2.5980906e-10			 0.64157706
      5.59			 0.35778175			 2.5869348e-10			 0.64221825
       5.6			 0.35714286			 2.5693225e-10			 0.64285714
      5.61			 0.35650624			 2.5582578e-10			 0.64349376
      5.62			 0.35587189			 2.5407592e-10			 0.64412811
      5.63			 0.35523979			 2.5297846e-10			 0.64476021
      5.64			 0.35460993			 2.5123985e-10			 0.64539007
      5.65			  0.3539823			 2.5015129e-10			  0.6460177
      5.66			 0.35335689			 2.4842382e-10			 0.64664311
      5.67			 0.35273369			 2.4734406e-10			 0.64726631
      5.68			 0.35211268			 2.4562762e-10			 0.64788732
      5.69			 0.35149385			 2.4455657e-10			 0.64850615
       5.7			 0.35087719			 2.4348928e-10			 0.64912281
      5.71			  0.3502627			 2.4178861e-10			  0.6497373
      5.72			 0.34965035			 2.4072989e-10			 0.65034965
      5.73			 0.34904014			 2.3967487e-10			 0.65095986
      5.74			 0.34843206			 2.3798973e-10			 0.65156794
      5.75			 0.34782609			 2.3694314e-10			 0.65217391
      5.76			 0.34722222			 2.3526859e-10			 0.65277778
      5.77			 0.34662045			 2.3423035e-10			 0.65337955
      5.78			 0.34602076			 2.331957e-10			 0.65397924
      5.79			 0.34542314			 2.3216462e-10			 0.65457686
       5.8			 0.34482759			 2.3050986e-10			 0.65517241
      5.81			 0.34423408			 2.2948696e-10			 0.65576592
      5.82			 0.34364261			 2.2846757e-10			 0.65635739
      5.83			 0.34305317			 2.2682767e-10			 0.65694683
      5.84			 0.34246575			 2.2581632e-10			 0.65753425
      5.85			 0.34188034			 2.2480843e-10			 0.65811966
      5.86			 0.34129693			 2.2380399e-10			 0.65870307
      5.87			  0.3407155			 2.221832e-10			  0.6592845
      5.88			 0.34013605			 2.2118664e-10			 0.65986395
      5.89			 0.33955857			 2.2019345e-10			 0.66044143
       5.9			 0.33898305			 2.1920364e-10			 0.66101695
      5.91			 0.33840947			 2.1760161e-10			 0.66159052
      5.92			 0.33783784			 2.1661952e-10			 0.66216216
      5.93			 0.33726813			 2.1564073e-10			 0.66273187
      5.94			 0.33670034			 2.1466525e-10			 0.66329966
      5.95			 0.33613445			 2.1369304e-10			 0.66386555
      5.96			 0.33557047			 2.121137e-10			 0.66442953
      5.97			 0.33500837			 2.1114902e-10			 0.66499163
      5.98			 0.33444816			 2.1018757e-10			 0.66555184
      5.99			 0.33388982			 2.0922933e-10			 0.66611018
         6			 0.33333333			 2.0827429e-10			 0.66666667
      6.01			  0.3327787			 2.0732242e-10			  0.6672213
      6.02			 0.33222591			 2.0637371e-10			 0.66777409
      6.03			 0.33167496			 2.0482484e-10			 0.66832504
      6.04			 0.33112583			 2.0388341e-10			 0.66887417
      6.05			 0.33057851			 2.029451e-10			 0.66942149
      6.06			   0.330033			 2.0200988e-10			   0.669967
      6.07			 0.32948929			 2.0107774e-10			 0.67051071
      6.08			 0.32894737			 2.0014867e-10			 0.67105263
      6.09			 0.32840722			 1.9922265e-10			 0.67159278
       6.1			 0.32786885			 1.9829966e-10			 0.67213115
      6.11			 0.32733224			 1.973797e-10			 0.67266776
      6.12			 0.32679739			 1.9646274e-10			 0.67320261
      6.13			 0.32626427			 1.9554878e-10			 0.67373573
      6.14			  0.3257329			 1.9404529e-10			  0.6742671
      6.15			 0.32520325			 1.9313822e-10			 0.67479675
      6.16			 0.32467532			 1.9223411e-10			 0.67532468
      6.17			 0.32414911			 1.9133292e-10			 0.67585089
      6.18			 0.32362459			 1.9043465e-10			  0.6763754
      6.19			 0.32310178			 1.8953928e-10			 0.67689822
       6.2			 0.32258064			 1.886468e-10			 0.67741936
      6.21			 0.32206119			 1.877572e-10			 0.67793881
      6.22			 0.32154341			 1.8687045e-10			 0.67845659
      6.23			 0.32102729			 1.8598656e-10			 0.67897271
      6.24			 0.32051282			 1.8510549e-10			 0.67948718
      6.25			       0.32			 1.8422725e-10			       0.68
      6.26			 0.31948882			 1.8335181e-10			 0.68051118
      6.27			 0.31897927			 1.8247916e-10			 0.68102073
      6.28			 0.31847134			 1.8160929e-10			 0.68152866
      6.29			 0.31796502			 1.8074219e-10			 0.68203498
       6.3			 0.31746032			 1.7987784e-10			 0.68253968
      6.31			 0.31695721			 1.7901623e-10			 0.68304279
      6.32			  0.3164557			 1.7873298e-10			  0.6835443
      6.33			 0.31595577			 1.778759e-10			 0.68404423
      6.34			 0.31545741			 1.7702152e-10			 0.68454259
      6.35			 0.31496063			 1.7616984e-10			 0.68503937
      6.36			 0.31446541			 1.7532083e-10			 0.68553459
      6.37			 0.31397174			 1.7447449e-10			 0.68602826
      6.38			 0.31347962			 1.7363081e-10			 0.68652038
      6.39			 0.31298904			 1.7278976e-10			 0.68701095
       6.4			     0.3125			 1.7195134e-10			     0.6875
      6.41			 0.31201248			 1.7111554e-10			 0.68798752
      6.42			 0.31152648			 1.7028234e-10			 0.68847352
      6.43			 0.31104199			 1.6945173e-10			 0.68895801
      6.44			 0.31055901			 1.6918861e-10			 0.68944099
      6.45			 0.31007752			 1.6836227e-10			 0.68992248
      6.46			 0.30959752			 1.675385e-10			 0.69040248
      6.47			 0.30911901			 1.6671727e-10			 0.69088099
      6.48			 0.30864197			 1.6589857e-10			 0.69135802
      6.49			 0.30816641			 1.650824e-10			 0.69183359
       6.5			 0.30769231			 1.6426874e-10			 0.69230769
      6.51			 0.30721966			 1.6345757e-10			 0.69278034
      6.52			 0.30674847			 1.6320687e-10			 0.69325153
      6.53			 0.30627871			 1.6239982e-10			 0.69372129
      6.54			  0.3058104			 1.6159524e-10			  0.6941896
      6.55			 0.30534351			 1.6079311e-10			 0.69465649
      6.56			 0.30487805			 1.5999343e-10			 0.69512195
      6.57			   0.304414			 1.5919618e-10			   0.695586
      6.58			 0.30395137			 1.5895424e-10			 0.69604863
      6.59			 0.30349014			 1.5816099e-10			 0.69650986
       6.6			  0.3030303			 1.5737014e-10			  0.6969697
      6.61			 0.30257186			 1.5658169e-10			 0.69742814
      6.62			  0.3021148			 1.5579562e-10			  0.6978852
      6.63			 0.30165912			 1.5556063e-10			 0.69834088
      6.64			 0.30120482			 1.5477847e-10			 0.69879518
      6.65			 0.30075188			 1.5399865e-10			 0.69924812
      6.66			  0.3003003			 1.5322118e-10			  0.6996997
      6.67			 0.29985007			 1.5244604e-10			 0.70014993
      6.68			  0.2994012			 1.5221783e-10			  0.7005988
      6.69			 0.29895366			 1.514465e-10			 0.70104634
       6.7			 0.29850746			 1.5067748e-10			 0.70149254
      6.71			 0.29806259			 1.4991075e-10			 0.70193741
      6.72			 0.29761905			 1.4968767e-10			 0.70238095
      6.73			 0.29717682			 1.4892469e-10			 0.70282318
      6.74			  0.2967359			 1.4816397e-10			  0.7032641
      6.75			  0.2962963			 1.4740551e-10			  0.7037037
      6.76			 0.29585799			 1.4718746e-10			 0.70414201
      6.77			 0.29542097			 1.4643268e-10			 0.70457903
      6.78			 0.29498525			 1.4568012e-10			 0.70501475
      6.79			 0.29455081			 1.4492979e-10			 0.70544919
       6.8			 0.29411765			 1.4471666e-10			 0.70588235
      6.81			 0.29368576			 1.4396994e-10			 0.70631424
      6.82			 0.29325513			 1.4322541e-10			 0.70674487
      6.83			 0.29282577			 1.4301571e-10			 0.70717423
      6.84			 0.29239766			 1.4227476e-10			 0.70760234
      6.85			  0.2919708			 1.4153596e-10			  0.7080292
      6.86			 0.29154519			 1.4079933e-10			 0.70845481
      6.87			 0.29112081			 1.4059438e-10			 0.70887919
      6.88			 0.29069767			 1.3986125e-10			 0.70930233
      6.89			 0.29027576			 1.3913025e-10			 0.70972424
       6.9			 0.28985507			 1.3892861e-10			 0.71014493
      6.91			  0.2894356			 1.3820108e-10			  0.7105644
      6.92			 0.28901734			 1.3747564e-10			 0.71098266
      6.93			 0.28860029			 1.3727727e-10			 0.71139971
      6.94			 0.28818444			 1.3655526e-10			 0.71181556
      6.95			 0.28776978			 1.3583532e-10			 0.71223022
      6.96			 0.28735632			 1.3511746e-10			 0.71264368
      6.97			 0.28694405			 1.349236e-10			 0.71305595
      6.98			 0.28653295			 1.342091e-10			 0.71346705
      6.99			 0.28612303			 1.3349665e-10			 0.71387697
         7			 0.28571429			 1.3330594e-10			 0.71428571
      7.01			  0.2853067			 1.325968e-10			  0.7146933
      7.02			 0.28490028			 1.3240792e-10			 0.71509972
      7.03			 0.28449502			 1.3170208e-10			 0.71550498
      7.04			 0.28409091			 1.3099824e-10			 0.71590909
      7.05			 0.28368794			 1.3081243e-10			 0.71631206
      7.06			 0.28328612			 1.3011185e-10			 0.71671388
      7.07			 0.28288543			 1.2941325e-10			 0.71711457
      7.08			 0.28248588			 1.2923046e-10			 0.71751412
      7.09			 0.28208745			 1.2853508e-10			 0.71791255
       7.1			 0.28169014			 1.2784165e-10			 0.71830986
      7.11			 0.28129395			 1.2766184e-10			 0.71870605
      7.12			 0.28089888			 1.2697159e-10			 0.71910112
